%YAML:1.0
---
calibration_time: "Wed Sep  9 15:28:08 2020"
image_width: 640
image_height: 480
flags: 0
camera_matrix: !!opencv-matrix
   rows: 3
   cols: 3
   dt: d
   data: [ 6.5157661540082438e+02, 0., 3.0454813081435918e+02, 0.,
       6.4623906296450537e+02, 2.2906383581744097e+02, 0., 0., 1. ]
distortion_coefficients: !!opencv-matrix
   rows: 1
   cols: 5
   dt: d
   data: [ 1.1734358357155587e-01, -5.6933514312360101e-01,
       -3.4554868226801872e-03, -2.5129567274091331e-03,
       7.1770982047164567e-01 ]
avg_reprojection_error: 8.2495213894621855e-01
